% time     seconds  usecs/call     calls    errors syscall
------ ----------- ----------- --------- --------- ----------------
 96,24    0,030644         680        45         5 openat
  3,73    0,001188           0     10250           write
  0,02    0,000006           0       184        31 newfstatat
  0,01    0,000002           0        50         3 lseek
  0,01    0,000002           0        28        21 ioctl
  0,00    0,000000           0        49           read
  0,00    0,000000           0        40           close
  0,00    0,000000           0        27           mmap
  0,00    0,000000           0         6           mprotect
  0,00    0,000000           0         2           munmap
  0,00    0,000000           0        16           brk
  0,00    0,000000           0        66           rt_sigaction
  0,00    0,000000           0         2           pread64
  0,00    0,000000           0         1         1 access
  0,00    0,000000           0         1           execve
  0,00    0,000000           0         4           fcntl
  0,00    0,000000           0         2           getcwd
  0,00    0,000000           0         5         4 readlink
  0,00    0,000000           0         1           sysinfo
  0,00    0,000000           0         1           getuid
  0,00    0,000000           0         1           getgid
  0,00    0,000000           0         1           geteuid
  0,00    0,000000           0         1           getegid
  0,00    0,000000           0         1           arch_prctl
  0,00    0,000000           0         1           gettid
  0,00    0,000000           0         1           futex
  0,00    0,000000           0        22           getdents64
  0,00    0,000000           0         1           set_tid_address
  0,00    0,000000           0         1           set_robust_list
  0,00    0,000000           0         1           prlimit64
  0,00    0,000000           0         2           getrandom
  0,00    0,000000           0         1           rseq
------ ----------- ----------- --------- --------- ----------------
100,00    0,031842           2     10814        65 total
