% time     seconds  usecs/call     calls    errors syscall
------ ----------- ----------- --------- --------- ----------------
 50,16    0,038314        9578         4           openat
 31,46    0,024029        6007         4           close
 18,37    0,014028           0    115210           write
  0,01    0,000009           1         5           newfstatat
  0,00    0,000000           0         2           read
  0,00    0,000000           0        12           mmap
  0,00    0,000000           0         4           mprotect
  0,00    0,000000           0         1           munmap
  0,00    0,000000           0         3           brk
  0,00    0,000000           0         2           pread64
  0,00    0,000000           0         1         1 access
  0,00    0,000000           0         1           execve
  0,00    0,000000           0         1           arch_prctl
  0,00    0,000000           0         1           set_tid_address
  0,00    0,000000           0         1           set_robust_list
  0,00    0,000000           0         1           prlimit64
  0,00    0,000000           0         1           getrandom
  0,00    0,000000           0         1           rseq
------ ----------- ----------- --------- --------- ----------------
100,00    0,076380           0    115255         1 total
